[Window][Left Pane]
Pos=0,24
Size=384,777
Collapsed=0
DockId=0x00000001,0

[Window][Right Pane]
Pos=1068,24
Size=468,777
Collapsed=0
DockId=0x00000004,0

[Window][Box Pane]
Pos=386,649
Size=680,152
Collapsed=0
DockId=0x00000006,0

[Window][Dock Window]
Pos=0,0
Size=1536,801
Collapsed=0

[Window][Debug##Default]
Pos=60,60
Size=400,400
Collapsed=0

[Window][Shortcuts]
Pos=60,60
Size=385,305
Collapsed=0

[Window][Loading Error]
Pos=615,337
Size=306,126
Collapsed=0

[Window][Range paste]
Pos=868,135
Size=376,618
Collapsed=0

[Window][About]
Pos=474,121
Size=400,155
Collapsed=0

[Docking][Data]
DockSpace       ID=0xE7BE6FA4 Window=0x37A2E124 Pos=0,24 Size=1536,777 Split=X
  DockNode      ID=0x00000001 Parent=0xE7BE6FA4 SizeRef=384,761 HiddenTabBar=1 Selected=0xBB0E2E25
  DockNode      ID=0x00000002 Parent=0xE7BE6FA4 SizeRef=1150,761 Split=X
    DockNode    ID=0x00000003 Parent=0x00000002 SizeRef=680,761 Split=Y
      DockNode  ID=0x00000005 Parent=0x00000003 SizeRef=485,623 CentralNode=1
      DockNode  ID=0x00000006 Parent=0x00000003 SizeRef=485,152 HiddenTabBar=1 Selected=0x116AFB16
    DockNode    ID=0x00000004 Parent=0x00000002 SizeRef=468,761 HiddenTabBar=1 Selected=0xD910BF44

[Other settings][]
Color=0.324000,0.409000,0.185000
Zoom=3
Bilinear=0
Theme=0
FontSize=18.000000
posX=-8
posY=-8
sizeX=1552
sizeY=840
Maximized=1
IdleUpdate=1

