[Window][Left Pane]
Pos=0,24
Size=382,777
Collapsed=0
DockId=0x00000001,0

[Window][Right Pane]
Pos=1110,24
Size=426,777
Collapsed=0
DockId=0x00000004,0

[Window][Box Pane]
Pos=384,649
Size=724,152
Collapsed=0
DockId=0x00000006,0

[Window][Dock Window]
Pos=0,0
Size=1536,801
Collapsed=0

[Window][Debug##Default]
Pos=60,60
Size=400,400
Collapsed=0

[Window][Range paste]
Pos=342,182
Size=400,116
Collapsed=0

[Window][Loading Error]
Pos=615,337
Size=306,126
Collapsed=0

[Docking][Data]
DockSpace       ID=0xE7BE6FA4 Window=0x37A2E124 Pos=0,24 Size=1536,777 Split=X
  DockNode      ID=0x00000001 Parent=0xE7BE6FA4 SizeRef=382,761 HiddenTabBar=1 Selected=0xBB0E2E25
  DockNode      ID=0x00000002 Parent=0xE7BE6FA4 SizeRef=1152,761 Split=X
    DockNode    ID=0x00000003 Parent=0x00000002 SizeRef=724,761 Split=Y
      DockNode  ID=0x00000005 Parent=0x00000003 SizeRef=485,623 CentralNode=1
      DockNode  ID=0x00000006 Parent=0x00000003 SizeRef=485,152 HiddenTabBar=1 Selected=0x116AFB16
    DockNode    ID=0x00000004 Parent=0x00000002 SizeRef=426,761 HiddenTabBar=1 Selected=0xD910BF44

[Other settings][]
Color=0.534000,0.568000,0.587000
Zoom=3
Bilinear=0
Theme=2
FontSize=18.000000
posX=-8
posY=-8
sizeX=1552
sizeY=840
Maximized=1
IdleUpdate=1

