[Window][Left Pane]
Pos=0,24
Size=378,777
Collapsed=0
DockId=0x00000001,0

[Window][Right Pane]
Pos=1139,24
Size=397,777
Collapsed=0
DockId=0x00000004,0

[Window][Box Pane]
Pos=380,649
Size=757,152
Collapsed=0
DockId=0x00000006,0

[Window][Dock Window]
Pos=0,0
Size=1536,801
Collapsed=0

[Window][Debug##Default]
Pos=60,60
Size=400,400
Collapsed=0

[Docking][Data]
DockSpace       ID=0xE7BE6FA4 Window=0x37A2E124 Pos=0,24 Size=1536,777 Split=X
  DockNode      ID=0x00000001 Parent=0xE7BE6FA4 SizeRef=378,761 HiddenTabBar=1 Selected=0xBB0E2E25
  DockNode      ID=0x00000002 Parent=0xE7BE6FA4 SizeRef=884,761 Split=X
    DockNode    ID=0x00000003 Parent=0x00000002 SizeRef=485,761 Split=Y
      DockNode  ID=0x00000005 Parent=0x00000003 SizeRef=485,607 CentralNode=1
      DockNode  ID=0x00000006 Parent=0x00000003 SizeRef=485,152 HiddenTabBar=1 Selected=0x116AFB16
    DockNode    ID=0x00000004 Parent=0x00000002 SizeRef=397,761 HiddenTabBar=1 Selected=0xD910BF44

[Other settings][]
Color=0.142000,0.075000,0.147000
Zoom=3
Bilinear=0
Theme=3
FontSize=18.000000
posX=-8
posY=-8
sizeX=1552
sizeY=840
Maximized=1
IdleUpdate=1

